flows=2630
feature_extraction_seconds=1.591768
per_flow_ms=0.605235
